228
193
164
181
90
139
67
130
90
100
59
95
83
86
50
80
51
36
67
42
50
55
52
25
57
47
42
44
35
29
35
46
29
30
45
22
30
30
40
23
35
39
29
42
18
34
27
18
16
31
37
28
27
28
19
16
34
15
16
16
37
20
14
26
18
19
35
31
19
28
14
19
33
17
38
16
17
17
22
14
18
18
16
21
35
14
21
20
14
19
30
20
19
14
14
16
21
33
28
14
16
18
15
16
18
22
32
14
17
17
14
15
14
18
14
16
15
14
14
14
14
14
16
16
15
17
14
14
14
15
18
14
25
14
20
15
15
17
14
17
18
14
17
14
14
15
15
15
15
14
16
14
20
14
15
15
16
16
18
16
14
14
16
20
14
15
15
15
18
15
16
15
17
16
14
16
21
16
14
18
14
14
15
17
14
15
15
14
20
16
15
19
16
16
16
15
14
18
16
15
14
16
15
16
19
14
15
16
15
16
16
15
14
14
15
14
15
14
15
17
15
16
14
17
14
14
16
14
15
14
14
15
16
17
15
14
22
24
14
15
18
15
17
16
15
14
14
15
14
15
15
14
18
16
16
16
16
15
15
18
14
15
17
15
14
15
15
15
16
16
15
16
15
14
15
14
14
19
14
14
16
15
15
20
14
16
15
25
14
16
15
16
16
15
14
14
15
15
16
15
16
15
15
14
16
16
14
18
14
14
16
16
16
14
20
17
15
14
17
15
18
14
20
16
15
15
20
15
14
14
18
14
16
17
16
19
14
14
15
17
18
17
17
14
14
15
14
15
17
18
14
17
17
14
15
14
15
15
16
15
18
14
15
14
16
15
15
16
14
14
15
16
14
14
19
14
15
17
14
17
15
16
14
18
14
15
16
14
17
16
15
15
15
14
15
14
20
16
17
16
15
14
17
14
15
18
16
16
14
19
15
17
16
15
17
15
16
15
15
16
17
15
15
14
16
14
15
15
17
16
15
14
15
16
14
14
21
16
15
15
14
14
14
15
16
17
16
16
16
16
18
16
15
17
15
16
15
16
19
14
15
14
14
14
15
14
15
14
18
18
14
16
15
14
17
14
17
16
17
14
14
15
14
16
15
14
16
14
16
14
14
17
15
14
15
18
16
17
18
14
