-465
-238
-217
-226
-123
-208
-72
-179
-111
-113
-60
-96
-88
-119
-55
-93
-80
-29
-76
-35
-55
-68
-49
-34
-70
-52
-43
-41
-48
-30
-32
-47
-22
-35
-34
-11
-27
-23
-41
-12
-32
-40
-30
-55
-15
-39
-16
-7
-5
-24
-42
-21
-28
-33
-8
-5
-23
-4
-5
-9
-34
-9
-3
-23
-15
-12
-48
-24
-12
-29
-3
-12
-26
-10
-31
-5
-6
-6
-19
-3
-15
-7
-5
-18
-28
-3
-14
-9
-3
-12
-23
-9
-16
-3
-3
-5
-22
-30
-25
-3
-5
-7
-8
-5
-11
-15
-29
-3
-6
-6
-3
-4
-3
-7
-3
-5
-8
-3
-3
-3
-3
-3
-5
-13
-8
-10
-3
-3
-3
-8
-11
-3
-18
-3
-21
-8
-4
-6
-3
-14
-7
-3
-10
-3
-3
-4
-8
-8
-8
-3
-5
-3
-9
-3
-8
-8
-5
-5
-15
-5
-3
-3
-5
-9
-3
-8
-8
-4
-15
-4
-5
-8
-6
-5
-3
-5
-14
-5
-3
-11
-3
-3
-8
-10
-3
-8
-8
-3
-21
-5
-4
-12
-5
-5
-9
-8
-3
-15
-5
-8
-3
-9
-4
-9
-16
-3
-8
-9
-8
-5
-5
-4
-3
-3
-4
-3
-8
-3
-4
-10
-8
-5
-3
-6
-3
-3
-9
-3
-8
-3
-3
-8
-5
-6
-8
-3
-11
-13
-3
-8
-15
-4
-10
-13
-4
-3
-3
-8
-3
-8
-8
-3
-23
-9
-5
-5
-5
-4
-8
-7
-3
-8
-10
-4
-3
-8
-8
-4
-9
-13
-8
-5
-8
-3
-4
-3
-3
-8
-3
-3
-5
-4
-4
-9
-3
-5
-8
-14
-3
-13
-4
-5
-5
-8
-3
-3
-8
-4
-13
-4
-13
-8
-8
-3
-5
-5
-3
-11
-3
-3
-5
-5
-13
-3
-9
-10
-8
-3
-14
-8
-11
-3
-13
-13
-8
-8
-9
-8
-3
-3
-7
-3
-9
-6
-9
-12
-3
-3
-8
-10
-15
-10
-10
-3
-3
-8
-3
-8
-10
-11
-3
-14
-6
-3
-4
-3
-8
-8
-9
-8
-11
-3
-8
-3
-9
-4
-4
-5
-3
-3
-8
-9
-3
-3
-16
-3
-8
-14
-3
-14
-8
-9
-3
-7
-3
-8
-5
-3
-6
-9
-8
-8
-8
-3
-8
-3
-17
-9
-6
-5
-8
-3
-6
-3
-4
-15
-9
-5
-3
-8
-8
-6
-5
-4
-10
-8
-9
-4
-8
-5
-6
-8
-4
-3
-5
-3
-8
-8
-10
-5
-4
-3
-8
-9
-3
-3
-18
-9
-4
-8
-3
-3
-3
-8
-5
-10
-9
-9
-5
-5
-7
-5
-8
-14
-8
-9
-4
-5
-8
-3
-8
-3
-3
-3
-8
-3
-8
-3
-11
-11
-3
-9
-8
-3
-10
-3
-10
-5
-6
-3
-3
-8
-3
-5
-4
-3
-5
-3
-5
-3
-3
-10
-4
-3
-8
-11
-5
-10
-7
-3
