0
115.59
212.28199999999998
296.09970000000004
377.80625
455.59588299999996
529.0349169
600.5490571
660.3366176439
702.9751458517042
758.0702598238514
817.9755134679019
876.6639597429621
929.4835613905165
977.0212028733155
1019.8050802078344
1058.3105698089016
1092.965510449862
1124.1549570267262
1152.2254589459042
1177.4889106731644
1200.2260172276985
1220.6894131267793
1239.106469435952
1255.681820114207
1270.599635724637
1284.025669774024
1296.1091004184718
1306.9841879984754
1316.7717668204784
1325.580587760281
1333.5085266061035
1340.643671567344
1347.06530203246
1352.8447694510646
1358.0462901278088
1362.7276587368783
1366.940890485041
1370.7327990583874
1374.1455167743993
1377.21696271881
1379.9812640687794
1382.469135283752
1384.7082193772271
1386.7233950613552
1388.53705317707
1390.1693454812137
1391.638408554943
1392.9605653212989
1394.1505064110195
1395.2214533917684
