0
818.7780682529385
250.00095612182264
857.9809793822567
1321.4787837624647
1358.1880417119676
1372.7072072818992
1391.7349804064283
1404.8599762185045
1404.8599762185045
1404.8599762185045
1404.8599762185045
1404.8599762185045
1404.8599762185045
1404.8599762185045
1404.8599762185045
1404.8599762185045
1404.8599762185045
1404.8599762185045
1404.8599762185045
1404.8599762185045
1404.8599762185045
1404.8599762185045
1404.8599762185045
1404.8599762185045
1404.8599762185045
1404.8599762185045
1404.8599762185045
1404.8599762185045
1404.8599762185045
1404.8599762185045
1404.8599762185045
1404.8599762185045
1404.8599762185045
1404.8599762185045
1404.8599762185045
1404.8599762185045
1404.8599762185045
1404.8599762185045
1404.8599762185045
1404.8599762185045
1404.8599762185045
1404.8599762185045
1404.8599762185045
1404.8599762185045
1404.8599762185045
1404.8599762185045
1404.8599762185045
1404.8599762185045
1404.8599762185045
1404.8599762185045
