0
110.2
286.13768
428.493635328
555.8707172164511
668.2257926305409
761.9308251742432
873.9166984271498
974.7841164643429
1064.2993400924456
1123.1428075774122
1185.5443337242928
1255.681820114207
1284.025669774024
1306.9841879984754
1325.580587760281
1340.643671567344
1352.8447694510646
1362.7276587368783
1370.7327990583874
1377.21696271881
1382.469135283752
1386.7233950613552
1390.1693454812137
1392.9605653212989
1395.2214533917684
1397.0527727288481
1398.5361413918831
1399.7376700089414
1400.7109081887586
1401.4992311144106
1402.1377726841886
1402.654991355709
1403.0739384796402
1403.4132856500248
1403.6881568580359
1403.9108025365251
1404.0911455361013
1404.2372233657582
1404.3555464077801
1404.4513880718177
1404.5290198196883
1404.5919015354636
1404.6428357252412
1404.6840924189619
1404.717510340875
1404.7445788576247
1404.766504356192
1404.7842640100314
1404.7986493296414
1404.8103014385256
