0
579.9999999999998
778.9999999999998
857.9999999999997
1321.4787848899996
1358.1880417119992
1372.7072072818992
1391.7349804064283
1404.8599762185045
1404.8599762185045
1404.8599762185045
1404.8599762185045
1404.8599762185045
1404.8599762185045
1404.8599762185045
1404.8599762185045
1404.8599762185045
1404.8599762185045
1404.8599762185045
1404.8599762185045
1404.8599762185045
1404.8599762185045
1404.8599762185045
1404.8599762185045
1404.8599762185045
1404.8599762185045
1404.8599762185045
1404.8599762185045
1404.8599762185045
1404.8599762185045
1404.8599762185045
1404.8599762185045
1404.8599762185045
1404.8599762185045
1404.8599762185045
1404.8599762185045
1404.8599762185045
1404.8599762185045
1404.8599762185045
1404.8599762185045
1404.8599762185045
1404.8599762185045
1404.8599762185045
1404.8599762185045
1404.8599762185045
1404.8599762185045
1404.8599762185045
1404.8599762185045
1404.8599762185045
1404.8599762185045
1404.8599762185045
