0
354.43479
238.93742362473685
559.4352424556961
736.158036800298
865.1234201179963
961.1820315018796
1076.1546665718945
1170.4963782794878
1247.8566620457996
1284.1529022309903
1330.3182397875921
1398.003171754613
1400.8111017506214
1402.4691563339647
1403.448220984883
1404.026348870604
1404.3677276058431
1404.5693083352144
1404.6883397401007
1404.7586265943723
1404.8001302789512
1404.8246377896583
1404.8391092296558
1404.8476544702594
1404.8527003493837
1404.855679890548
1404.8574392798098
1404.8584781815753
1404.8590916426788
1404.8594538853256
1404.8596677859862
1404.8597940921873
1404.859868674736
1404.859912714985
1404.8599387203117
1404.859954076197
1404.8599631436934
1404.85996849796
1404.859971659601
1404.8599735265182
1404.859974628914
1404.8599752798675
1404.859975664249
1404.8599758912226
1404.8599760252484
1404.859976104389
1404.8599761511207
1404.8599761787157
1404.85997619501
1404.8599762046315
